
alum mass

   1  p0          -1.12351e+00   1.52736e-01   2.92264e-05   1.51167e-02
   2  p1           2.68824e+00   5.50896e-02   1.05416e-05   4.25088e-02

papel mass

   1  p0          -1.43450e-02   1.02022e-01   7.36883e-05  -8.43625e-03
   2  p1           2.31757e+00   3.39401e-02   2.45136e-05  -1.95211e-02

aluminio um

   1  p0           1.91190e+00   2.17081e-02   6.11133e-06  -1.71088e-03
   2  p1           3.72758e-01   8.21535e-03   2.31282e-06  -7.84920e-03

papel um

   1  p0           2.08941e+00   2.77074e-02   2.23365e-05  -2.87363e-02
   2  p1           4.62297e-01   1.12237e-02   9.04805e-06  -6.97454e-02
